30.54
29.82
28.76
28.64
28.65
29.99
29.28
29.24
30.13
29.58
29.54
28.38
28.29
30.20
31.04
32.62
32.39
31.89
31.63
31.24
30.97
31.81
32.04
33.31
32.09
31.30
30.92
30.17
29.91
30.00
29.75
29.31
28.90
29.09
28.66
28.06
27.87
26.85
26.53
26.73
26.95
26.69
25.84
25.69
25.92
25.37
24.00
24.21
25.97
26.23
25.49
24.50
25.69
26.38
26.50
26.81
26.79
26.73
27.00
26.49
26.79
26.61
25.16
25.92
25.62
25.82
25.56
24.94
24.79
24.96
24.59
24.86
24.86
24.64
23.83
23.44
23.36
23.49
22.93
23.41
22.60
22.42
22.05
21.90
21.24
20.90
21.58
21.78
21.41
21.00
20.55
20.94
21.78
22.05
21.80
21.21
20.52
20.35
20.16
19.70
20.05
22.61
22.10
23.06
23.14
22.90
23.49
22.98
22.40
21.70
21.24
20.38
19.77
19.67
19.74
20.48
21.80
21.00
19.92
20.53
20.32
19.81
19.36
18.83
18.09
16.69
16.38
16.00
14.98
13.32
14.12
15.17
15.38
15.26
16.39
20.36
21.40
20.91
22.42
23.70
23.36
22.61
23.50
24.02
25.96
25.73
27.32
26.73
26.15
27.41
27.42
27.55
26.98
26.23
27.32
27.21
27.28
26.93
26.54
25.64
25.05
24.70
24.75
25.65
26.15
26.33
26.25
26.47
26.44
25.93
24.88
25.73
26.10
26.29
26.07
25.65
25.41
26.34
26.74
26.59
27.14
26.47
25.41
25.67
25.17
25.70
26.40
25.90
26.90
26.89
27.65
27.66
26.64
25.95
25.68
25.24
24.64
24.87
24.83
23.59
22.43
21.31
21.21
22.90
23.10
23.35
21.96
22.36
23.59
23.46
26.39
28.13
29.01
30.29
29.09
30.28
30.50
30.01
28.58
27.67
31.40
32.16
33.07
34.07
32.17
32.32
35.83
36.98
37.27
38.78
39.37
41.89
42.87
42.75
42.78
41.96
43.53
43.22
42.18
43.77
44.19
43.21
40.55
41.32
41.93
43.83
42.18
42.55
42.70
41.35
40.40
40.57
38.82
37.37
33.77
33.53
35.42
38.26
36.80
36.95
37.27
36.29
34.71
32.86
33.03
32.33
32.90
32.66
32.58
32.76
31.25
29.93
27.58
28.80
29.26
28.33
27.72
27.58
26.48
25.68
25.41
24.86
25.96
25.81
25.42
25.63
25.97
24.76
25.03
24.35
23.93
23.94
23.28
23.37
22.72
22.19
21.64
21.15
20.80
20.22
19.91
20.21
20.39
20.57
20.53
20.07
20.29
20.19
20.05
20.83
21.26
21.41
21.16
21.04
21.11
20.99
20.81
20.56
20.61
20.52
20.46
20.85
20.54
20.32
20.45
19.83
19.37
19.71
19.72
19.62
19.31
19.66
19.30
19.28
19.58
19.77
18.44
18.29
18.35
18.36
18.51
18.10
18.01
18.03
18.16
17.82
17.36
15.61
15.85
15.19
14.82
15.30
16.17
17.75
17.82
17.39
16.81
16.83
16.51
17.05
17.65
17.24
17.64
17.71
17.73
17.01
16.64
16.19
15.69
15.30
15.47
15.09
14.70
14.45
14.81
14.37
14.24
14.61
14.77
14.03
14.43
14.67
14.30
13.90
13.39
13.59
15.53
17.68
18.33
17.31
16.83
16.16
16.20
16.43
15.82
14.92
14.09
13.87
13.43
13.47
13.89
13.62
13.89
13.56
13.55
13.19
12.39
11.72
11.69
11.16
10.55
10.47
10.74
11.00
10.81
10.61
10.40
10.37
10.49
10.00
9.60
9.69
9.60
9.69
9.62
8.87
9.01
9.23
9.31
9.33
9.32
9.89
9.82
9.85
10.00
9.98
9.73
10.01
10.00
9.87
9.53
9.23
8.91
8.76
8.47
8.35
8.00
7.40
6.64
6.64
6.69
7.19
7.26
6.95
7.18
7.39
7.83
7.81
7.65
7.58
8.40
8.45
8.77
8.82
9.09
9.08
8.83
9.26
9.39
9.65
9.36
9.20
9.07
8.88
8.51
8.10
7.84
8.08
9.05
8.85
8.75
8.52
8.68
9.11
9.13
8.83
8.85
8.79
9.13
9.07
9.00
9.26
9.01
8.93
9.53
9.94
10.02
9.43
9.55
9.63
9.26
8.95
9.05
9.24
9.68
9.77
9.77
10.07
10.27
10.57
10.53
10.55
10.64
10.90
11.01
11.44
11.60
11.25
11.35
11.81
11.60
11.76
11.54
11.53
11.69
11.63
11.59
11.19
10.25
10.44
10.33
9.92
10.09
10.90
11.01
10.82
10.23
10.16
9.76
8.92
8.29
8.95
8.74
8.68
9.82
10.39
11.89
12.00
12.55
13.31
12.96
13.53
13.49
14.65
15.91
15.48
15.28
15.89
15.81
16.31
16.94
17.41
17.89
18.71
18.65
18.34
17.53
17.61
17.94
17.40
17.64
17.66
17.92
17.81
17.46
17.26
16.60
15.64
16.43
16.86
16.52
16.89
17.08
17.56
17.92
17.40
17.03
16.46
15.87
14.95
15.06
14.84
14.10
13.73
13.80
13.98
15.87
16.53
16.37
17.09
17.33
18.44
18.45
18.40
18.43
18.68
19.71
20.97
20.43
20.20
20.90
21.19
22.28
22.20
22.00
21.68
21.14
21.75
22.00
21.63
21.28
19.93
20.42
21.51
21.75
21.26
22.07
22.22
22.03
21.80
21.55
21.95
21.69
21.44
21.07
20.43
19.74
19.71
18.83
19.16
19.91
21.38
21.56
21.85
23.11
22.61
23.70
24.06
23.69
23.93
23.78
23.37
22.67
22.30
22.39
23.71
23.42
23.25
23.37
23.27
22.75
23.23
23.21
22.89
22.65
22.98
22.30
22.57
22.42
22.17
21.83
21.63
21.04
20.72
20.89
20.96
20.47
19.97
20.38
20.51
20.15
19.29
19.47
19.26
18.59
17.85
16.74
17.32
17.57
17.14
16.83
19.09
20.66
21.44
21.45
21.20
22.04
21.86
20.92
20.71
20.94
20.15
20.33
20.60
20.38
19.84
19.23
18.47
17.56
17.15
16.61
17.05
17.58
17.38
17.82
17.26
17.43
17.29
17.55
18.34
18.62
18.07
18.02
18.12
18.96
19.09
18.45
18.69
18.43
18.20
17.76
17.98
17.36
16.99
16.56
15.93
15.54
14.96
14.64
14.32
13.91
13.93
13.78
13.79
13.67
13.74
14.15
15.16
15.87
16.87
16.73
16.60
16.12
15.90
15.84
16.72
17.20
17.12
17.42
17.84
18.67
18.86
18.16
18.54
19.37
19.37
18.27
18.29
18.94
18.84
17.77
18.84
18.22
18.45
17.37
16.52
16.69
16.22
16.44
15.99
15.79
15.12
14.62
14.36
14.04
13.83
13.36
13.31
12.91
12.42
12.22
12.00
11.75
11.64
11.39
11.14
11.72
11.75
11.62
12.14
12.16
12.83
12.86
13.01
12.93
12.47
12.13
12.43
12.68
12.67
12.45
12.20
12.24
12.36
12.36
12.53
12.15
11.85
12.31
12.44
12.26
11.78
11.62
11.86
11.95
11.84
12.14
11.90
11.31
11.54
11.66
11.34
11.04
10.54
11.55
11.46
11.18
10.91
10.91
10.75
10.53
10.22
10.17
9.88
9.85
9.61
9.07
9.69
9.78
9.90
9.87
10.25
10.16
10.25
10.83
10.55
10.72
11.13
11.58
11.24
10.78
10.19
10.00
10.42
10.68
10.98
11.13
10.83
11.34
11.70
11.08
10.73
10.90
11.29
11.95
11.47
11.37
11.11
11.39
11.84
13.98
14.51
15.77
16.01
16.04
15.13
15.76
15.62
15.02
14.85
14.37
13.80
12.92
12.87
13.13
13.04
12.63
12.32
12.34
11.96
11.64
11.48
11.58
11.33
11.54
11.74
11.53
11.10
10.94
11.22
10.95
11.05
10.74
10.63
11.19
11.34
11.21
11.77
11.52
11.36
11.04
10.85
10.71
10.15
9.62
9.66
9.60
9.08
9.01
9.15
8.91
8.51
8.54
9.00
9.68
10.10
10.09
10.91
11.58
12.28
12.46
12.74
12.16
12.04
12.43
12.96
13.00
13.90
13.91
14.64
14.33
14.21
13.65
13.37
12.84
14.14
16.37
16.17
16.22
16.38
16.28
16.60
16.82
16.45
15.12
15.27
14.83
14.50
13.92
15.73
15.66
15.60
15.76
16.15
16.06
14.28
14.90
14.77
12.29
11.99
11.79
12.38
13.26
13.51
13.01
13.16
14.36
16.85
19.81
19.65
18.71
19.47
20.56
22.04
22.24
21.62
21.13
21.50
20.91
19.86
19.62
19.36
18.39
17.75
18.72
18.66
18.10
17.09
16.16
16.13
14.83
14.42
14.11
13.20
12.54
11.99
11.10
10.40
11.09
11.50
11.64
11.45
11.11
10.91
11.32
11.74
12.29
12.18
13.52
13.25
13.93
13.03
12.28
12.01
11.70
12.92
13.00
13.75
13.10
11.25
8.72
7.87
7.83
8.73
8.26
8.46
8.48
9.76
8.83
5.84
5.57
6.39
7.19
9.41
9.34
9.31
9.31
11.42
11.15
12.82
15.01
15.52
15.06
15.40
16.87
18.58
18.16
16.71
16.06
16.94
18.21
21.07
21.30
21.55
21.87
24.31
25.84
24.59
23.70
22.31
22.01
21.17
28.96
32.56
31.48
29.93
27.94
27.70
27.57
27.68
27.13
27.08
25.30
25.12
23.58
23.00
21.76
21.08
20.91
21.83
21.26
19.94
18.87
18.81
18.65
18.13
17.54
17.82
16.86
15.82
15.12
15.00
14.49
14.03
13.63
13.19
13.01
12.62
12.43
12.69
12.49
11.87
11.20
10.58
10.40
10.71
11.39
11.34
11.15
10.89
10.72
10.36
10.11
9.96
9.80
9.73
9.48
9.52
9.83
9.69
9.31
8.89
8.42
8.58
8.72
8.38
8.05
7.90
7.92
8.06
8.16
8.07
7.81
7.55
7.32
7.46
7.44
7.35
7.67
8.00
8.37
8.70
8.53
8.15
7.96
8.00
8.43
8.27
8.02
7.60
7.56
7.59
7.27
6.82
6.46
6.29
6.11
5.84
5.48
5.38
5.16
5.20
5.22
5.61
5.30
5.19
5.27
5.12
4.78
5.13
5.35
5.30
5.02
5.08
5.04
5.19
5.60
5.80
5.46
5.99
6.16
6.47
6.79
6.56
6.48
7.05
7.02
6.83
6.46
6.36
6.24
6.10
6.13
6.33
6.29
6.15
6.30
6.37
6.50
6.58
6.52
6.69
6.78
6.64
6.41
6.75
7.39
7.95
8.57
9.00
9.15
9.14
9.64
10.33
10.06
10.99
11.41
12.05
12.05
11.94
11.73
11.79
12.00
12.03
11.91
12.18
12.35
12.54
12.88
12.86
12.55
12.01
11.58
11.11
11.15
11.03
11.40
10.71
10.33
10.36
10.17
10.52
10.61
10.50
10.49
10.69
11.43
11.48
11.52
11.69
11.91
11.64
11.17
11.07
11.47
11.84
11.85
11.53
11.49
12.22
12.43
12.44
12.68
13.15
13.40
13.75
13.90
13.93
13.99
13.80
13.78
13.65
13.66
13.64
13.53
13.80
13.93
13.73
13.07
13.00
13.91
15.08
15.33
15.05
14.76
14.37
14.73
14.05
13.74
14.16
13.92
12.94
12.75
12.34
13.01
13.57
13.56
14.04
14.00
14.54
14.75
14.74
14.99
15.25
15.43
15.23
15.04
14.96
14.64
14.33
14.17
14.77
14.58
14.44
13.69
13.71
13.89
13.35
13.05
13.08
12.45
11.99
11.56
11.90
11.34
10.60
10.84
12.33
12.51
13.58
13.14
13.80
14.68
14.69
16.22
17.22
17.67
18.14
18.10
19.21
18.96
18.19
18.18
18.06
18.87
19.26
19.86
20.13
19.57
19.45
19.89
19.74
19.58
19.20
18.73
18.63
19.49
19.84
19.17
18.46
18.16
18.07
17.63
16.74
16.31
16.03
15.47
15.52
15.56
15.09
15.02
15.86
16.04
15.40
15.26
15.65
16.31
16.93
17.83
18.96
18.99
19.89
20.11
20.32
19.64
20.41
20.62
22.87
23.17
22.40
21.97
22.42
22.83
22.41
22.46
22.34
21.69
22.37
22.26
22.60
23.07
23.15
25.23
23.06
24.40
22.36
21.69
20.97
20.75
19.42
18.10
17.35
18.07
17.70
17.99
18.41
18.95
18.78
18.71
18.67
18.51
20.21
20.15
20.60
21.72
21.57
21.20
22.10
23.16
23.27
23.04
22.92
21.39
20.53
19.95
20.45
20.55
19.86
19.53
17.60
17.70
18.03
18.91
19.25
18.75
18.36
19.03
19.36
18.99
18.65
17.85
17.05
16.71
16.96
16.90
17.03
16.50
17.09
16.44
16.55
15.70
16.64
17.78
17.84
17.65
17.22
17.50
16.58
16.54
17.35
17.95
18.20
18.08
17.54
17.21
17.07
16.39
16.35
16.32
16.51
16.66
16.55
16.51
16.53
16.45
16.28
16.60
16.80
17.42
17.18
16.19
15.74
15.62
15.93
15.27
15.02
14.58
14.35
15.42
15.79
17.10
16.90
17.13
17.65
18.02
18.46
19.03
18.69
19.20
19.22
19.77
19.92
19.95
19.73
19.03
19.01
18.20
17.66
17.72
17.72
16.16
15.61
15.66
15.57
15.40
15.06
15.47
15.43
14.44
14.74
15.48
16.16
16.60
17.58
17.68
17.78
17.26
16.90
17.03
17.22
16.61
16.90
17.05
17.34
17.14
16.89
17.22
16.92
16.05
16.07
16.19
15.81
14.94
15.22
15.72
15.98
15.60
15.27
15.08
15.38
15.02
14.80
15.41
15.36
15.45
15.95
15.88
16.67
16.74
17.42
17.71
18.07
17.82
17.47
17.12
17.52
18.20
18.96
18.55
18.14
17.72
17.85
17.82
16.87
16.81
16.84
17.01
16.70
16.31
16.83
15.98
15.11
15.13
14.33
13.97
13.71
13.54
13.74
13.39
13.13
13.43
13.31
13.28
13.57
13.86
13.05
12.90
13.46
14.35
14.73
14.80
14.43
14.89
15.41
15.05
15.49
15.20
15.96
15.91
15.33
15.47
15.05
14.75
15.27
15.38
15.19
15.76
16.07
15.53
15.23
14.33
14.56
14.92
15.08
15.15
15.68
15.96
16.48
16.25
16.72
17.28
18.11
19.04
18.88
17.95
18.28
18.15
18.47
17.33
16.87
16.26
15.86
16.10
15.59
14.95
14.63
15.46
15.23
15.12
14.87
14.77
15.26
15.29
14.59
14.61
14.54
14.45
14.25
13.66
13.09
13.18
12.87
12.58
12.37
12.28
12.30
12.06
12.31
12.21
11.71
11.29
10.88
10.45
10.57
10.25
10.27
10.22
9.99
9.29
8.35
8.05
8.18
8.31
9.20
9.23
9.52
9.74
9.94
10.20
10.42
11.18
11.75
11.88
11.63
11.63
11.95
11.96
11.79
11.45
11.34
11.06
11.24
11.24
11.29
11.28
11.33
11.51
11.48
11.35
11.41
11.45
11.56
11.40
11.28
11.14
11.07
11.19
11.02
11.26
11.43
11.63
11.33
10.96
10.31
10.40
11.16
12.12
12.16
12.22
12.05
11.78
11.95
12.05
12.25
12.17
11.71
12.13
11.83
12.13
12.38
12.27
12.28
12.25
12.18
11.96
11.90
11.59
11.60
11.47
12.31
12.55
12.27
12.59
12.59
12.05
11.19
10.92