23.32
22.67
21.74
21.48
21.32
22.15
21.37
21.15
21.56
20.86
20.60
19.60
19.39
20.67
21.25
22.25
22.37
22.33
22.49
22.49
22.53
23.41
23.82
24.97
24.25
23.81
23.67
23.28
23.16
23.36
23.40
23.31
23.24
23.60
23.68
23.59
23.76
23.35
23.57
24.22
24.57
24.52
23.97
23.81
23.97
23.39
22.02
22.18
23.74
23.67
22.68
21.45
22.15
22.40
22.12
21.92
21.42
20.96
20.77
20.02
20.08
19.75
18.50
18.81
18.68
18.96
18.88
18.46
18.35
18.48
18.06
18.15
18.04
18.15
17.86
17.88
17.91
18.12
17.80
18.25
17.69
17.68
17.32
17.03
16.44
16.12
16.62
16.69
16.14
15.55
15.05
15.22
15.70
15.69
15.37
14.87
14.30
14.10
13.88
13.50
13.79
15.61
15.35
16.12
16.21
16.04
16.52
16.30
16.05
15.88
15.90
15.61
15.47
15.72
16.15
17.30
19.01
18.91
18.91
20.70
21.78
28.51
42.12
83.30
92.95
101.87
123.32
123.73
119.85
110.37
84.46
70.91
58.98
34.99
27.22
26.48
26.83
25.37
26.11
25.81
23.88
21.81
21.74
21.46
22.35
20.81
20.68
19.05
18.02
18.36
17.83
17.92
17.48
16.92
17.49
17.36
17.38
17.24
17.14
16.77
16.67
16.61
16.82
17.46
17.77
17.80
17.80
18.07
18.07
18.01
17.64
18.44
18.72
19.00
19.00
18.93
19.02
19.84
20.11
19.99
20.48
20.05
19.25
19.35
19.03
19.51
20.17
20.14
21.23
21.61
22.46
22.73
22.17
23.15
24.75
26.42
26.57
27.65
28.60
28.24
28.05
27.92
28.46
31.43
32.59
32.03
29.24
28.89
31.53
32.46
37.92
41.41
43.81
46.71
44.57
46.17
46.37
43.62
39.72
36.90
37.85
35.46
33.67
32.02
27.96
26.10
27.81
27.55
26.62
26.90
26.50
27.34
27.97
28.05
28.16
27.49
28.50
28.31
27.76
29.04
29.66
29.74
28.66
29.99
30.89
32.88
32.24
33.19
34.00
33.39
32.67
32.92
31.56
30.25
27.20
26.80
28.00
29.90
28.44
28.30
28.26
27.23
25.85
24.29
24.23
23.46
23.58
23.06
22.83
22.80
21.61
20.60
18.94
19.69
20.09
19.53
19.19
19.45
19.00
18.75
18.60
18.26
19.15
19.10
18.85
19.01
19.10
18.08
18.10
17.33
16.76
16.45
16.01
16.07
15.67
15.50
15.31
15.15
15.11
14.89
14.88
15.62
16.32
17.09
17.44
17.42
18.05
18.50
19.00
20.42
21.02
21.34
21.29
21.63
22.19
22.50
22.65
22.72
23.18
22.83
22.53
22.69
22.55
22.50
22.82
22.56
22.43
23.20
23.60
23.88
23.95
24.75
24.73
25.16
25.60
25.93
24.33
23.27
22.49
21.73
21.22
20.14
19.49
18.98
18.58
17.78
17.19
15.35
15.41
14.68
14.21
14.51
15.33
16.81
16.95
16.37
15.70
15.62
14.97
15.13
15.24
14.70
14.84
14.66
14.32
13.43
12.84
12.49
12.07
11.73
11.97
11.82
11.64
11.57
12.02
11.79
11.78
12.22
12.49
12.41
13.39
14.29
14.16
14.02
13.77
14.45
17.08
20.09
21.42
20.81
20.90
19.74
19.45
19.37
18.86
18.01
17.17
16.78
16.12
16.05
16.55
16.28
16.68
16.28
16.32
16.00
15.08
14.28
14.19
13.33
12.39
12.09
12.26
12.43
12.10
11.65
11.20
10.95
10.98
10.36
9.89
10.01
9.94
10.03
10.00
9.26
9.45
9.86
10.12
10.31
10.59
11.52
11.72
11.98
12.38
12.57
12.43
13.02
13.22
13.09
12.64
12.23
11.75
11.48
11.03
10.67
10.01
9.03
7.97
7.83
7.74
8.09
7.97
7.48
7.64
7.73
8.06
8.02
7.83
7.75
8.54
8.55
8.81
8.86
9.13
9.14
8.76
9.02
9.01
9.19
8.86
8.64
8.38
8.07
7.67
7.15
6.79
6.85
7.61
7.39
7.25
7.01
7.11
7.42
7.45
7.23
7.27
7.25
7.55
7.53
7.57
7.88
7.79
7.84
8.51
8.98
9.07
8.57
8.70
8.75
8.41
8.13
8.16
8.28
8.62
8.71
8.70
8.99
9.21
9.53
9.53
9.58
9.72
9.98
10.08
10.41
10.57
10.34
10.54
11.05
10.93
11.14
11.01
11.18
11.51
11.67
11.94
11.82
11.14
11.41
11.32
10.91
10.95
11.72
11.61
11.09
10.22
9.91
9.32
8.30
7.54
8.00
7.68
7.48
8.46
8.95
10.27
10.41
10.89
11.66
11.27
11.68
11.62
12.74
13.99
13.73
13.77
14.33
14.50
15.13
15.89
16.53
17.11
18.09
18.30
18.19
17.58
17.82
18.25
17.79
18.09
18.20
18.56
18.54
18.22
18.01
17.40
16.54
17.62
18.31
18.03
18.48
18.74
19.22
19.61
19.08
18.71
18.12
17.55
16.19
15.97
15.41
14.39
13.85
13.69
13.69
15.37
15.75
15.35
15.76
15.76
16.54
16.32
16.05
16.04
16.17
16.98
17.93
17.39
17.06
17.50
17.65
18.49
18.41
18.23
17.90
17.43
17.91
18.04
17.71
17.45
16.38
16.80
17.71
17.88
17.42
18.02
18.08
17.79
17.48
17.15
17.24
16.81
16.41
15.93
15.31
14.65
14.63
13.96
14.12
14.68
15.67
15.76
16.01
17.03
16.64
17.52
17.81
17.67
18.00
18.10
17.95
17.53
17.38
17.57
18.65
18.59
18.55
18.71
18.75
18.45
18.89
18.87
18.66
18.54
19.01
18.53
18.86
18.90
18.85
18.75
18.77
18.45
18.16
18.35
18.40
18.11
17.80
18.26
18.47
18.32
17.70
17.83
17.66
17.07
16.57
15.70
16.43
16.67
16.32
16.03
18.33
20.00
20.86
21.21
21.25
22.49
22.61
21.96
22.05
22.27
21.55
21.66
21.80
21.44
20.75
19.74
18.60
17.37
16.96
16.43
16.76
17.30
17.11
17.56
16.72
16.65
16.23
16.45
17.12
17.42
16.82
16.68
16.63
17.37
17.52
16.90
17.55
17.81
18.06
18.04
18.77
18.51
18.19
17.67
17.00
16.47
15.78
15.27
14.57
13.79
13.41
12.83
12.49
11.97
11.86
12.00
12.67
13.27
14.12
13.90
13.71
13.22
12.95
12.77
13.34
13.62
13.35
13.43
13.54
13.83
13.73
12.85
12.82
13.13
12.87
12.12
12.12
12.53
12.63
12.03
12.89
12.60
12.96
12.35
12.00
12.39
12.33
12.70
12.56
12.62
12.28
12.02
11.96
11.70
11.49
11.05
11.06
10.74
10.42
10.26
10.09
9.89
9.71
9.45
9.13
9.61
9.63
9.54
10.00
10.06
10.70
10.69
10.86
10.85
10.49
10.22
10.50
10.70
10.69
10.42
10.06
9.97
9.92
9.84
9.97
9.59
9.22
9.39
9.35
8.87
8.28
7.92
7.96
7.85
7.64
7.76
7.48
6.95
7.08
7.20
7.01
6.93
6.68
7.38
7.43
7.35
7.32
7.31
7.22
7.13
6.87
6.71
6.48
6.39
6.16
5.82
6.18
6.24
6.26
6.29
6.62
6.63
6.90
7.55
7.61
7.97
8.51
9.04
8.92
8.75
8.36
8.41
9.02
9.34
9.60
9.84
9.72
10.22
10.68
10.31
10.37
11.00
11.94
13.17
13.46
14.27
14.64
15.58
16.96
20.27
21.07
22.12
21.74
21.20
19.48
19.64
19.17
18.05
17.57
16.84
16.00
14.93
14.83
15.09
15.02
14.67
14.51
14.67
14.35
14.09
13.93
14.19
14.00
14.13
14.23
13.77
13.10
12.83
13.01
12.61
12.65
12.21
11.48
11.50
11.10
10.80
11.30
11.00
10.91
10.59
10.35
10.12
9.67
9.24
9.47
9.61
9.23
9.01
8.94
8.50
7.93
7.69
7.87
8.01
7.97
7.55
8.01
8.33
8.61
8.83
9.13
8.95
8.73
9.01
9.39
9.36
10.02
10.03
10.36
10.03
9.84
9.56
9.48
9.30
10.34
12.19
12.27
12.73
13.23
13.74
14.56
15.36
15.77
14.55
15.08
15.04
15.11
14.90
17.45
18.06
18.84
19.83
20.64
20.84
18.95
18.37
17.00
13.26
11.93
10.95
10.63
10.79
10.50
9.75
9.66
10.32
11.78
13.91
13.96
13.37
14.13
15.05
16.30
16.77
16.75
16.73
17.48
17.47
17.07
17.25
17.29
16.69
16.58
18.15
18.81
18.65
17.87
17.16
17.16
15.68
15.28
14.64
13.42
12.49
12.45
11.95
11.52
13.82
16.25
18.90
18.94
18.58
18.60
19.23
20.18
21.38
21.29
23.91
23.73
25.25
23.73
22.66
22.35
21.95
24.46
24.81
26.27
24.45
20.99
16.40
14.92
15.06
17.19
16.63
16.52
16.06
17.96
15.80
10.16
9.35
10.46
11.56
14.75
14.27
13.99
13.84
16.23
15.30
16.90
19.04
18.86
17.56
17.48
18.66
19.92
18.90
17.00
15.99
16.25
16.64
18.39
17.57
17.03
16.68
17.83
18.22
16.51
15.35
13.94
13.29
12.94
17.81
20.17
19.63
18.81
17.49
17.38
17.35
17.68
17.62
17.77
16.78
16.99
16.18
16.14
15.33
15.11
15.28
16.37
16.17
15.51
15.00
15.47
15.73
15.22
14.73
14.82
13.90
13.08
12.67
12.39
11.87
11.48
11.22
10.90
10.88
10.63
10.48
10.72
10.56
10.14
9.73
9.28
9.21
9.46
10.15
10.13
9.97
10.02
9.93
9.84
9.84
9.94
9.91
9.98
9.91
10.29
10.85
11.06
10.92
10.32
9.73
9.81
9.87
9.50
9.04
8.83
8.82
8.99
9.13
9.05
8.72
8.65
8.62
8.98
9.17
9.38
9.99
10.69
11.57
12.37
12.57
12.46
12.72
13.40
14.86
15.36
15.86
16.26
17.24
18.68
19.40
19.85
20.91
22.58
25.21
21.23
17.87
15.83
14.02
13.00
12.02
12.12
10.97
10.23
9.87
9.39
8.51
9.23
9.59
9.45
9.01
9.26
9.16
9.20
9.70
9.66
8.92
9.61
9.59
9.83
10.07
9.53
9.34
9.96
9.59
9.30
8.65
8.33
8.04
7.97
7.98
7.95
7.57
7.09
6.97
6.76
6.56
6.42
6.09
6.03
6.03
5.74
5.31
5.41
5.81
6.05
6.26
6.35
6.43
6.21
6.34
6.34
6.07
6.34
6.41
6.92
7.02
7.08
7.08
7.33
7.77
8.05
8.27
8.80
9.31
9.99
10.77
11.13
11.15
10.96
10.99
10.97
11.49
11.87
12.72
12.41
12.72
13.60
14.13
14.51
14.27
14.03
13.80
13.57
14.14
13.98
13.69
13.81
13.86
13.48
12.76
12.66
12.87
13.17
12.93
12.48
12.21
12.75
12.99
12.89
13.03
13.40
13.40
14.09
14.43
14.66
14.79
14.66
14.85
15.07
15.30
15.06
14.86
15.22
15.44
15.07
14.22
13.87
14.40
14.85
14.65
14.11
13.58
13.41
13.34
12.91
12.40
12.71
12.68
12.08
11.96
11.64
12.21
12.79
12.96
13.24
12.87
13.31
13.55
13.66
14.01
14.25
14.54
14.51
14.63
14.70
14.56
14.27
14.43
15.23
15.57
15.05
13.94
13.62
13.61
12.91
12.32
12.17
11.43
10.73
10.21
10.49
9.95
9.35
9.81
10.88
10.86
11.60
11.04
11.28
11.55
11.36
12.46
12.72
12.95
13.20
13.06
13.60
13.33
12.54
13.01
12.98
13.47
13.81
14.31
14.57
14.24
14.21
14.62
14.77
15.08
14.91
14.83
15.04
16.25
16.92
16.92
16.69
16.84
16.56
15.60
14.64
13.93
13.38
12.76
12.66
12.85
12.46
12.42
12.68
12.40
11.67
11.45
11.66
11.77
11.98
12.38
12.92
12.99
13.36
13.71
13.61
12.78
13.31
14.09
14.81
15.05
14.94
14.88
15.27
15.61
15.40
15.70
15.90
15.90
16.22
15.93
16.16
16.30
16.13
17.35
15.83
16.72
15.48
15.00
14.68
14.31
13.50
12.52
12.08
12.38
12.21
12.21
12.58
13.21
13.04
12.94
12.71
12.54
13.77
13.83
14.23
14.75
14.75
14.63
15.36
16.48
16.73
16.98
16.85
16.14
15.34
15.00
15.47
15.65
15.24
15.33
14.91
14.14
14.53
15.38
15.58
15.32
15.41
16.43
17.47
17.17
16.62
16.42
16.21
16.69
17.83
18.44
19.33
20.10
20.53
18.92
18.23
17.06
17.82
18.78
18.86
18.67
18.25
18.29
17.31
17.28
18.93
20.21
21.19
21.77
22.21
22.93
23.34
23.00
22.96
23.94
25.37
26.88
25.79
24.56
24.22
22.81
21.07
20.67
20.16
20.16
19.19
18.00
17.16
16.96
16.98
16.17
15.20
13.75
13.67
14.63
14.93
15.93
15.50
15.67
15.55
14.89
15.16
15.32
15.12
15.61
15.50
15.61
15.80
15.91
16.06
16.00
16.09
15.91
15.63
16.07
16.27
15.25
14.94
15.40
15.93
16.20
15.90
16.43
16.45
15.86
16.20
17.42
18.19
18.45
18.83
18.92
19.00
18.17
17.75
17.83
17.98
17.73
18.03
18.41
18.97
18.73
18.71
19.32
19.23
18.95
19.22
19.87
19.90
19.77
19.53
19.34
18.88
17.90
17.04
16.16
16.24
15.61
15.16
15.38
15.10
14.64
14.83
14.65
15.26
15.57
16.09
16.61
17.23
17.06
16.80
16.54
16.78
17.09
17.82
17.66
17.49
17.32
17.48
17.50
17.02
17.66
18.21
18.93
18.91
19.26
19.17
17.78
16.61
16.63
15.56
14.83
14.73
14.73
14.60
14.41
13.82
14.00
13.70
13.66
13.80
13.94
12.83
12.56
12.83
13.68
14.04
13.82
13.20
13.35
13.57
13.28
13.57
13.34
13.89
14.02
13.82
13.98
13.61
13.36
13.59
13.58
13.49
14.06
14.43
14.26
13.82
13.06
13.10
13.24
13.21
13.21
13.48
13.66
13.94
13.72
13.81
13.58
13.78
14.15
13.85
13.14
13.07
12.81
12.74
11.92
11.67
11.30
11.20
11.45
11.28
11.01
11.20
12.43
13.01
13.06
13.13
12.95
13.17
12.71
11.64
11.41
11.52
11.48
11.62
11.31
11.15
11.53
11.34
11.13
11.22
11.29
11.45
11.25
11.38
11.18
10.98
10.98
10.71
10.54
10.80
10.83
10.93
11.16
10.98
10.40
9.77
9.41
10.20
10.25
11.12
11.79
12.60
12.79
12.56
12.51
12.30
12.81
13.09
12.97
12.79
13.02
13.26
13.04
12.62
12.14
11.87
11.41
11.35
11.21
10.93
10.68
10.69
10.90
10.55
10.22
10.05
9.87
9.93
9.85
9.87
9.72
9.70
9.70
9.74
10.00
10.28
10.43
10.13
9.61
8.83
9.21
10.14
11.04
11.11
11.19
11.41
11.45
11.68
11.84
11.82
11.79
11.58
11.69
11.72
12.00
12.22
12.36
12.56
12.63
12.37
12.05
12.07
11.85
11.60
11.48
12.10
11.98
11.82
12.05
12.15
11.85
11.52
11.25
11.10